Sol:  message: Optimization terminated successfully.
 success: True
  status: 0
     fun: -9185.691661160183
       x: [ 9.814e-01  3.457e+00  1.186e+00  1.101e+00]
     nit: 4
   direc: [[ 1.000e+00  0.000e+00  0.000e+00  0.000e+00]
           [ 0.000e+00  1.000e+00  0.000e+00  0.000e+00]
           [ 0.000e+00  0.000e+00  0.000e+00  1.000e+00]
           [ 2.027e-03  8.404e-01  7.665e-02  4.116e-02]]
    nfev: 218

u: [[140.63736655001262, 0.2, 0.65, -0.648594985723518], [509.8137162865946, 1.5707963267948966, -0.002286931892936593]]

rvm: [ 1.18330733e+03  9.24386546e+01  2.93420861e+01  7.59617458e+00
 -4.63860272e-01  3.56012708e-02  9.50346199e+03]

tt: [0.0, 0.016713724677792797, 0.09789143310439719, 0.42376731676730056, 2.033879731146083, 11.69455421741878, 29.083768292709635, 31.097350193540777, 33.11093209437192, 33.67745631663189, 34.24398053889186, 37.64312587245168, 41.602104060785145, 45.56108224911861, 49.272899716390576, 53.09122960314767, 55.87807661734377, 57.88571504359582, 59.893353469847874, 61.96340339189005, 64.03345331393221, 65.42847688917962, 66.1707904407308, 66.54718352625449, 66.92357661177817, 69.06068109485534, 72.882732887351, 75.78296803042215, 78.68320317349331, 81.01853384295804, 83.35386451242276, 85.49421290160988, 86.63535448121512, 87.77649606082035, 89.72071928587933, 91.63357689157502, 93.67236170543127, 95.58158644548719, 97.74643061274683, 99.74508775727479, 103.64264184246522, 107.54019592765566, 113.5652919285388, 119.62728141861862, 125.94013397527746, 132.32509923062176, 135.51586903907364, 138.7066388475255, 140.63736655001262, 140.63736655001262, 140.65814813104598, 140.7828376172461, 141.53097453444676, 146.0197960376508, 150.92693462697778, 155.3641749739537, 159.31607166170772, 163.26796834946174, 169.21627644323164, 176.24496604156516, 185.7790415282082, 196.47198963862775, 213.2879412070578, 229.4920501074441, 261.70624870724845, 305.386898248995, 370.50567556450835, 428.83519257467697, 477.8839240518846, 518.9160224386042, 553.3705932091902, 582.3772182925283, 606.8000930257209, 627.2376649866229, 643.7120743012038, 650.4510828366073]

TR: [[ 0.00000000e+00  4.74985996e-03  2.78196875e-02  1.20430087e-01
   5.78006030e-01  3.32334934e+00  8.26349938e+00  8.83533879e+00
   9.40712308e+00  9.56798501e+00  9.72884303e+00  1.06946847e+01
   1.18296969e+01  1.30004500e+01  1.41633907e+01  1.54588011e+01
   1.64788422e+01  1.72500228e+01  1.80440320e+01  1.88774008e+01
   1.97177906e+01  2.02854691e+01  2.05876146e+01  2.07408146e+01
   2.08940100e+01  2.17637440e+01  2.33188137e+01  2.44984789e+01
   2.56778277e+01  2.66272243e+01  2.75763980e+01  2.84461207e+01
   2.89097381e+01  2.93732978e+01  3.01629535e+01  3.09396994e+01
   3.17673890e+01  3.25422976e+01  3.34207361e+01  3.42315275e+01
   3.58120346e+01  3.73917102e+01  3.98319566e+01  4.22849192e+01
   4.48368751e+01  4.74152184e+01  4.87026088e+01  4.99892477e+01
   5.07674171e+01  5.07674171e+01  5.07757919e+01  5.08260568e+01
   5.11282392e+01  5.29631490e+01  5.50134996e+01  5.69093703e+01
   5.86327151e+01  6.03900596e+01  6.31017361e+01  6.64136829e+01
   7.11035601e+01  7.66521454e+01  8.60501618e+01  9.59617048e+01
   1.18520821e+02  1.56368076e+02  2.32836778e+02  3.28511324e+02
   4.35674176e+02  5.49910375e+02  6.68182780e+02  7.88079241e+02
   9.07599454e+02  1.02459917e+03  1.13376892e+03  1.18330733e+03]
 [ 0.00000000e+00  1.58750227e-07  5.45135955e-06  1.02580293e-04
   2.41127682e-03  8.95155776e-02  6.68763961e-01  7.80417829e-01
   9.02868501e-01  9.39328745e-01  9.76690014e-01  1.22035352e+00
   1.54812723e+00  1.92354952e+00  2.31320652e+00  2.74026368e+00
   3.06412711e+00  3.30663372e+00  3.56157586e+00  3.84129094e+00
   4.14026480e+00  4.35316744e+00  4.47029977e+00  4.53072586e+00
   4.59185292e+00  4.95241267e+00  5.65633337e+00  6.24336842e+00
   6.87826055e+00  7.42566956e+00  8.00650813e+00  8.56904004e+00
   8.88099844e+00  9.20147123e+00  9.76748429e+00  1.03495812e+01
   1.09983482e+01  1.16332098e+01  1.23860827e+01  1.31133260e+01
   1.46242407e+01  1.62642811e+01  1.90727646e+01  2.22622307e+01
   2.60098477e+01  3.02865641e+01  3.26221831e+01  3.50987181e+01
   3.66686029e+01  3.66686029e+01  3.66857966e+01  3.67889223e+01
   3.74063610e+01  4.10642410e+01  4.49731142e+01  4.84285459e+01
   5.14437514e+01  5.44010188e+01  5.87443721e+01  6.37119254e+01
   7.01701670e+01  7.70378414e+01  8.70567316e+01  9.58358663e+01
   1.10855029e+02  1.26371643e+02  1.40077003e+02  1.43706269e+02
   1.40979653e+02  1.34876229e+02  1.27145367e+02  1.18809374e+02
   1.10480679e+02  1.02560332e+02  9.55080042e+01  9.24386546e+01]
 [ 0.00000000e+00  8.37528465e-04  4.90536150e-03  2.12350736e-02
   1.01918058e-01  5.85996155e-01  1.45707790e+00  1.55790861e+00
   1.65872961e+00  1.68709391e+00  1.71545737e+00  1.88561988e+00
   2.08376538e+00  2.28186064e+00  2.46753885e+00  2.65849062e+00
   2.79782134e+00  2.89817428e+00  2.99850927e+00  3.10194392e+00
   3.20535815e+00  3.27503799e+00  3.31211173e+00  3.33090904e+00
   3.34970564e+00  3.45641599e+00  3.64719856e+00  3.79191313e+00
   3.93657874e+00  4.05302972e+00  4.16944680e+00  4.27611333e+00
   4.33297111e+00  4.38982024e+00  4.48665687e+00  4.58190590e+00
   4.68339708e+00  4.77841171e+00  4.88611524e+00  4.98551967e+00
   5.17927873e+00  5.37291752e+00  5.67201024e+00  5.97261738e+00
   6.28530898e+00  6.60118504e+00  6.75888649e+00  6.91648363e+00
   7.01179369e+00  7.01179369e+00  7.01281936e+00  7.01897325e+00
   7.05589315e+00  7.27728607e+00  7.51905729e+00  7.73744228e+00
   7.93174762e+00  8.12586685e+00  8.41769054e+00  8.76194177e+00
   9.22786393e+00  9.74893024e+00  1.05649908e+01  1.13471872e+01
   1.28889177e+01  1.49477970e+01  1.79387757e+01  2.05255024e+01
   2.26236579e+01  2.43193291e+01  2.56981254e+01  2.68252311e+01
   2.77493493e+01  2.85046408e+01  2.91012357e+01  2.93420861e+01]
 [ 2.84189195e-01  2.84189195e-01  2.84189193e-01  2.84189155e-01
   2.84188290e-01  2.84159283e-01  2.84004234e-01  2.83977745e-01
   2.83949485e-01  2.83941278e-01  2.83937182e-01  2.84662327e-01
   2.89820596e-01  3.03224341e-01  3.24836803e-01  3.54570384e-01
   3.77108054e-01  3.90524669e-01  3.99709681e-01  4.04806434e-01
   4.06745616e-01  4.07028745e-01  4.07027018e-01  4.07015198e-01
   4.07003163e-01  4.06933159e-01  4.06800878e-01  4.06694445e-01
   4.06582793e-01  4.06489101e-01  4.06392034e-01  4.06300111e-01
   4.06249946e-01  4.06198977e-01  4.06110291e-01  4.06020763e-01
   4.05922865e-01  4.05828874e-01  4.05719594e-01  4.05616156e-01
   4.05407422e-01  4.05189434e-01  4.04834318e-01  4.04454926e-01
   4.04036436e-01  4.03589087e-01  4.03356530e-01  4.03118014e-01
   4.02970810e-01  4.02970810e-01  4.03008362e-01  4.03233889e-01
   4.04594851e-01  4.13024546e-01  4.22714762e-01  4.31873308e-01
   4.40334966e-01  4.49079686e-01  4.62774128e-01  4.79784142e-01
   5.04310994e-01  5.33855500e-01  5.84832741e-01  6.39422952e-01
   7.65089728e-01  9.76149905e-01  1.39574161e+00  1.91043464e+00
   2.48508447e+00  3.10954069e+00  3.78393021e+00  4.51366325e+00
   5.30877810e+00  6.18133787e+00  7.11760356e+00  7.59617458e+00]
 [ 0.00000000e+00  1.89984075e-05  1.11444804e-04  4.85433136e-04
   2.40120269e-03  1.63424511e-02  5.28440195e-02  5.80938939e-02
   6.35686145e-02  6.51499766e-02  6.67495163e-02  7.67228450e-02
   8.89032856e-02  1.00488312e-01  1.08929507e-01  1.14340000e-01
   1.18443738e-01  1.23523957e-01  1.30756467e-01  1.39661103e-01
   1.49275567e-01  1.55981947e-01  1.59612289e-01  1.61469196e-01
   1.63337000e-01  1.74150647e-01  1.94391533e-01  2.10542977e-01
   2.27396673e-01  2.41486687e-01  2.56018297e-01  2.69677746e-01
   2.77086014e-01  2.84605262e-01  2.97707586e-01  3.10970292e-01
   3.25529691e-01  3.39587602e-01  3.56051464e-01  3.71763983e-01
   4.03881994e-01  4.38040777e-01  4.95111496e-01  5.58150164e-01
   6.30298042e-01  7.10607631e-01  7.53721222e-01  7.98952490e-01
   8.27395935e-01  8.27395935e-01  8.27311964e-01  8.26808447e-01
   8.23797995e-01  8.06059200e-01  7.87148228e-01  7.70364253e-01
   7.55618636e-01  7.41039739e-01  7.19381275e-01  6.94197530e-01
   6.60695688e-01  6.23975276e-01  5.67964678e-01  5.15910457e-01
   4.17672430e-01  2.94621256e-01  1.29652408e-01 -3.20904398e-03
  -1.06981761e-01 -1.90095888e-01 -2.58567733e-01 -3.16309239e-01
  -3.66001766e-01 -4.09497768e-01 -4.47216046e-01 -4.63860272e-01]
 [ 5.01102227e-02  5.01102226e-02  5.01102223e-02  5.01102157e-02
   5.01100631e-02  5.01049484e-02  5.00776091e-02  5.00729383e-02
   5.00679554e-02  5.00664972e-02  5.00650143e-02  5.00555985e-02
   5.00435118e-02  5.00302209e-02  5.00166667e-02  5.00016208e-02
   4.99899339e-02  4.99811461e-02  4.99720497e-02  4.99623476e-02
   4.99523180e-02  4.99453743e-02  4.99416188e-02  4.99396986e-02
   4.99377675e-02  4.99265982e-02  4.99057548e-02  4.98891966e-02
   4.98719993e-02  4.98576878e-02  4.98429632e-02  4.98291055e-02
   4.98215757e-02  4.98139476e-02  4.98007250e-02  4.97874378e-02
   4.97729728e-02  4.97591439e-02  4.97431329e-02  4.97280395e-02
   4.96977478e-02  4.96663251e-02  4.96155346e-02  4.95617346e-02
   4.95028536e-02  4.94403643e-02  4.94080395e-02  4.93749893e-02
   4.93546403e-02  4.93546403e-02  4.93544199e-02  4.93530964e-02
   4.93451330e-02  4.92965244e-02  4.92417663e-02  4.91908000e-02
   4.91442512e-02  4.90966154e-02  4.90228720e-02  4.89325821e-02
   4.88046769e-02  4.86538274e-02  4.84008931e-02  4.81391445e-02
   4.75668517e-02  4.66820734e-02  4.51351857e-02  4.35232166e-02
   4.20065281e-02  4.06281030e-02  3.93965071e-02  3.83098136e-02
   3.73618010e-02  3.65471958e-02  3.58779259e-02  3.56012708e-02]
 [ 4.15000000e+05  4.14972553e+05  4.14839247e+05  4.14304109e+05
   4.11660055e+05  3.95795734e+05  3.67239956e+05  3.63933343e+05
   3.60626730e+05  3.59696410e+05  3.58766090e+05  3.53184167e+05
   3.46682913e+05  3.40181659e+05  3.34086281e+05  3.27815993e+05
   3.23239559e+05  3.19942706e+05  3.16645854e+05  3.13246512e+05
   3.09847170e+05  3.07556325e+05  3.06337332e+05  3.05719236e+05
   3.05101140e+05  3.01591684e+05  2.95315285e+05  2.90552650e+05
   2.85790016e+05  2.81955042e+05  2.78120068e+05  2.74605285e+05
   2.72731354e+05  2.70857423e+05  2.67664708e+05  2.64523500e+05
   2.61175500e+05  2.58040258e+05  2.54485249e+05  2.51203145e+05
   2.44802758e+05  2.38402372e+05  2.28508233e+05  2.18553509e+05
   2.08186829e+05  1.97701729e+05  1.92461992e+05  1.87222254e+05
   1.59051701e+05  1.59051701e+05  1.59045727e+05  1.59009885e+05
   1.58794829e+05  1.57504497e+05  1.56093918e+05  1.54818414e+05
   1.53682423e+05  1.52546433e+05  1.50836565e+05  1.48816137e+05
   1.46075524e+05  1.43001788e+05  1.38167967e+05  1.33510024e+05
   1.24249908e+05  1.11693709e+05  9.29750246e+04  7.62079434e+04
   6.21086656e+04  5.03138049e+04  4.04096841e+04  3.20715996e+04
   2.50511347e+04  1.91762630e+04  1.44406202e+04  9.50346199e+03]]

step: [0, 49, 76]

error: [-7.03514026e-02 -1.54786827e-03 -1.78122193e-01 -9.50346199e+03]
